Train Losses:
0.6939573287963867
0.6925234794616699
0.6837673783302307
0.6697927117347717
0.6782148480415344
0.6625000834465027
0.6111924648284912
0.6311984658241272
0.5834667682647705
0.5854584574699402
0.5654357671737671
0.6127471327781677
0.5767876505851746
0.5633200407028198
0.5493518710136414
0.5229414701461792
0.5351119041442871
0.4760371446609497
0.5707739591598511
0.4536736309528351
0.552945077419281
0.4448399245738983
0.49659034609794617
0.5396026372909546
0.4290889501571655
0.4464659094810486
0.44422778487205505
0.4914361834526062
0.4552186131477356
0.46810582280158997
0.37573206424713135
0.3709928095340729
0.4271082878112793
0.4182875156402588
0.42920470237731934
0.46567609906196594
0.40876758098602295
0.5168758630752563
0.3352390229701996
0.31268996000289917

Dev Losses:
0.6907085003901501
0.6871450689374184
0.6816970292402773
0.6635537980770578
0.6550016433608775
0.6730587263496555
0.6335741652517902
0.6091704459822908
0.5941803966249738
0.6097569678510938
0.5785812699064916
0.5937633952315973
0.5636951601018712
0.5536860799302861
0.5316583012439766
0.5264246199203997
0.5220489955070068
0.5096412170298246
0.49802131068949795
0.48715239793670423
0.4824296208668728
0.46371478511362657
0.4559413194656372
0.44544941703883967
0.4434553244892432
0.44772202749641576
0.44105929531613175
0.4301341994076359
0.42626114767424916
0.43367474298087916
0.41756470835938747
0.4154046779992629
0.4224249892392937
0.4485999306245726
0.42638277733812524
0.41031163839661344
0.4204955917535996
0.40864391472874856
0.39998558817469343
0.4013021577681814
